ans =

   0.10000   0.70000   0.20000

ans =

 Columns 1 through 17:

   1.00000   0.00000   0.00000   0.50000   0.50000   0.00000   0.50000   0.00000   0.50000   0.50000   0.50000   0.00000   0.00000   1.00000   0.00000   0.00000   0.50000

 Columns 18 through 27:

   0.50000   0.50000   0.00000   0.50000   0.00000   0.50000   0.50000   0.00000   0.00000   1.00000

ans =

   0.10000   0.70000   0.20000

ans =

   0.10000   0.70000   0.20000

ans =

 Columns 1 through 17:

   1.00000   0.00000   0.00000   0.50000   0.50000   0.00000   0.50000   0.00000   0.50000   0.50000   0.50000   0.00000   0.00000   1.00000   0.00000   0.00000   0.50000

 Columns 18 through 27:

   0.50000   0.50000   0.00000   0.50000   0.00000   0.50000   0.50000   0.00000   0.00000   1.00000

ans =

   0.10000   0.70000   0.20000

ans =

 Columns 1 through 16:

   0.800000   0.200000   0.600000   0.400000   0.100000   0.900000   0.600000   0.400000   0.500000   0.500000   0.050000   0.950000   0.100000   0.900000   0.050000   0.950000

 Columns 17 and 18:

   0.010000   0.990000

xxxx
ans =

 Columns 1 through 16:

   0.800000   0.200000   0.600000   0.400000   0.100000   0.900000   0.600000   0.400000   0.500000   0.500000   0.050000   0.950000   0.100000   0.900000   0.050000   0.950000

 Columns 17 and 18:

   0.010000   0.990000

ans =

 Columns 1 through 16:

   0.800000   0.200000   0.600000   0.400000   0.100000   0.900000   0.600000   0.400000   0.500000   0.500000   0.050000   0.950000   0.100000   0.900000   0.050000   0.950000

 Columns 17 and 18:

   0.010000   0.990000
